              precision    recall  f1-score   support

 T-shirt/top     0.8357    0.8240    0.8298      1000
     Trouser     0.9877    0.9670    0.9773      1000
    Pullover     0.8056    0.7710    0.7879      1000
       Dress     0.8900    0.8660    0.8779      1000
        Coat     0.7731    0.8210    0.7963      1000
      Sandal     0.9738    0.9680    0.9709      1000
       Shirt     0.6805    0.7030    0.6916      1000
     Sneaker     0.9471    0.9480    0.9475      1000
         Bag     0.9702    0.9770    0.9736      1000
  Ankle boot     0.9583    0.9660    0.9622      1000

    accuracy                         0.8811     10000
   macro avg     0.8822    0.8811    0.8815     10000
weighted avg     0.8822    0.8811    0.8815     10000
