              precision    recall  f1-score   support

 T-shirt/top     0.8938    0.8840    0.8889      1000
     Trouser     0.9970    0.9820    0.9894      1000
    Pullover     0.9109    0.9100    0.9105      1000
       Dress     0.9191    0.9320    0.9255      1000
        Coat     0.8825    0.9240    0.9028      1000
      Sandal     0.9900    0.9900    0.9900      1000
       Shirt     0.8080    0.7830    0.7953      1000
     Sneaker     0.9570    0.9800    0.9684      1000
         Bag     0.9920    0.9870    0.9895      1000
  Ankle boot     0.9836    0.9620    0.9727      1000

    accuracy                         0.9334     10000
   macro avg     0.9334    0.9334    0.9333     10000
weighted avg     0.9334    0.9334    0.9333     10000
